# Created by Octave 4.0.3, Wed May 02 19:48:18 2018 CST <proudeng@d>
# name: all_theta
# type: matrix
# rows: 22
# columns: 6
 -3.14471525075738 -0.2660442189726712 -0.06486244489123923 0.00819525504898691 0.9280580454068477 -1.252184316474965
 -0.03375588904499875 -0.2530060571068755 0.0597296685129363 0.1787227296296376 0.1920362548561749 -0.386128669868982
 -1.932921072066255 0.137461069920319 -0.04338959598962768 -0.05987313606698177 0.04065218845412356 0.2962902821141654
 -1.100409150812246 0.03514283287376333 0.005225518511015935 -0.07242660410964942 -0.1926905097684805 0.2903313752169705
 0.247751519877632 0.7547152665094907 -0.1304036211880599 -0.31657415765597 -0.3883437658516752 -1.25027982530875
 -1.013003301250503 -0.8360234836945767 -0.7906237494386573 -0.7774747115470557 -0.7816598189399918 -0.8223395375311037
 -1.013003301250503 -0.8360234836945767 -0.7906237494386573 -0.7774747115470557 -0.7816598189399918 -0.8223395375311037
 -1.013003301250503 -0.8360234836945767 -0.7906237494386573 -0.7774747115470557 -0.7816598189399918 -0.8223395375311037
 -1.013003301250503 -0.8360234836945767 -0.7906237494386573 -0.7774747115470557 -0.7816598189399918 -0.8223395375311037
 -1.013003301250503 -0.8360234836945767 -0.7906237494386573 -0.7774747115470557 -0.7816598189399918 -0.8223395375311037
 -1.013003301250503 -0.8360234836945767 -0.7906237494386573 -0.7774747115470557 -0.7816598189399918 -0.8223395375311037
 -1.013003301250503 -0.8360234836945767 -0.7906237494386573 -0.7774747115470557 -0.7816598189399918 -0.8223395375311037
 -1.013003301250503 -0.8360234836945767 -0.7906237494386573 -0.7774747115470557 -0.7816598189399918 -0.8223395375311037
 -1.013003301250503 -0.8360234836945767 -0.7906237494386573 -0.7774747115470557 -0.7816598189399918 -0.8223395375311037
 -1.013003301250503 -0.8360234836945767 -0.7906237494386573 -0.7774747115470557 -0.7816598189399918 -0.8223395375311037
 -1.013003301250503 -0.8360234836945767 -0.7906237494386573 -0.7774747115470557 -0.7816598189399918 -0.8223395375311037
 -1.013003301250503 -0.8360234836945767 -0.7906237494386573 -0.7774747115470557 -0.7816598189399918 -0.8223395375311037
 -1.013003301250503 -0.8360234836945767 -0.7906237494386573 -0.7774747115470557 -0.7816598189399918 -0.8223395375311037
 -1.013003301250503 -0.8360234836945767 -0.7906237494386573 -0.7774747115470557 -0.7816598189399918 -0.8223395375311037
 -1.013003301250503 -0.8360234836945767 -0.7906237494386573 -0.7774747115470557 -0.7816598189399918 -0.8223395375311037
 -1.013003301250503 -0.8360234836945767 -0.7906237494386573 -0.7774747115470557 -0.7816598189399918 -0.8223395375311037
 -1.013003301250503 -0.8360234836945767 -0.7906237494386573 -0.7774747115470557 -0.7816598189399918 -0.8223395375311037


